20 20
0 0 0 0 0 0 0 0 0 0 0 0 0 0 0 0 0 0 0 0
0 150 150 150 150 150 150 150 150 150 150 150 150 150 150 150 150 150 150 0
0 150 255 255 150 150 150 150 150 150 150 150 150 150 150 150 150 150 150 0
0 150 255 255 150 150 150 150 150 150 150 150 150 150 150 150 150 150 150 0
0 150 150 150 255 255 150 150 150 150 150 150 150 150 150 150 150 150 150 0
0 150 150 150 255 255 150 150 150 150 150 150 150 150 150 150 150 150 150 0
0 150 150 150 150 150 255 255 150 150 150 150 150 150 150 150 150 150 150 0
0 150 150 150 150 150 255 255 150 150 150 150 150 150 150 150 150 150 150 0
0 150 150 150 150 150 150 150 255 255 150 150 150 150 150 150 150 150 150 0
0 150 150 150 150 150 150 150 255 255 150 150 150 150 150 150 150 150 150 0
0 150 150 150 150 150 150 150 150 150 255 255 150 150 150 150 150 150 150 0
0 150 150 150 150 150 150 150 150 150 255 255 150 150 150 150 150 150 150 0
0 150 150 150 150 150 150 150 150 150 150 150 255 255 150 150 150 150 150 0
0 150 150 150 150 150 150 150 150 150 150 150 255 255 150 150 150 150 150 0
0 150 150 150 150 150 150 150 150 150 150 150 150 150 255 255 150 150 150 0
0 150 150 150 150 150 150 150 150 150 150 150 150 150 255 255 150 150 150 0
0 150 150 150 150 150 150 150 150 150 150 150 150 150 150 150 255 255 150 0
0 150 150 150 150 150 150 150 150 150 150 150 150 150 150 150 255 255 150 0
0 150 150 150 150 150 150 150 150 150 150 150 150 150 150 150 150 150 150 0
0 0 0 0 0 0 0 0 0 0 0 0 0 0 0 0 0 0 0 0